-3.2170248866639928
1.8733720523922133
-0.5808666783672211
0.6163222255984216
-1.712873285275744
-1.2839673613400755
1.5300028461059274
-1.0161455011890876
-0.8298047980116953
-0.009681025748011525
-0.3212132874872559
0.5308367621089101
2.241755361156145
-0.011090470460710938
0.3133242094572017
1.4660002628527782
-0.631916290482835
0.23477164267851836
0.628174208000239
0.8339496389723304
0.6539026238328416
-1.171593747564834
-1.8339242871068655
-1.2018353257666046
-2.3320993438689483
0.08263441708435586
-0.608875959473393
-0.7508637656956956
-0.4774247051773621
-0.7176799063413837
0.3730170011473834
-0.33304225082940103
-2.8271107065656356
0.9934153981886636
-0.5404303416320304
1.3747636674580057
0.8594738917400458
0.8360578050578922
-0.15159471530727642
0.6161399120743472
-0.7322753902661149
0.014003652850332208
0.2770522272905286
0.5658525719713141
-2.940841600766066
-0.18960358844483102
-1.619841891051663
0.8702096249140246
-0.09095416824847696
-1.9790873183009245
0.26020736295186464
-0.03254025231815289
0.2401433235885456
0.03430113824705832
0.5219060423158933
-0.14388516996433676
0.13643260185538364
0.036890547754303955
0.9406113057967351
0.25865021304505365
0.37779530070813616
-0.8273039744834605
-0.7098015913007363
-0.1678703868726477
1.009342169171602
-0.9193620957014121
1.1899659773421776
0.49278377164538784
0.9285644569880633
-0.22319726376108084
-1.4248342289693927
0.08827349491653765
0.843856027742418
-0.6106693617701264
0.08985980839440995
1.4966680077944718
0.8448851203206957
0.7721516888625636
0.3927699208294381
1.0024916589782544
-0.04956305594561198
-1.256144117130254
-0.003870633541685914
0.09754609648660326
-2.1694243897777437
-0.11894679337950281
1.0809140856678061
-0.3011281992828755
-0.23225074910352303
0.28478253907570755
0.3697279207115374
1.4200641755860375
0.144936927107295
0.135558134183792
1.133335144495199
0.14701978835131338
0.4711921479005527
-0.8415218118341287
-0.3997847585931306
0.18060517358019038
-0.09196382730458302
1.9325729897104735
0.28891827193110214
0.1546002937863184
1.5138335995880383
0.22411126140072643
-1.339271206315915
-0.8937091701687101
-0.875225821412362
0.381003850710899
-1.5688854752447654
-2.2597046647346652
-1.842337741213496
-1.2504503592603677
-0.1155580877245516
-1.5363847416563259
-0.593999787491381
-1.3250669714252872
-1.18760399021905
-0.5377861204699177
0.982562124146776
1.57273947051615
0.3513804032276843
0.22624356994383693
0.11013039607717875
-0.4899603085426715
2.2119563345684132
-0.11093724157678524
-1.6849158436694902
-0.19542265945710696
-1.0391026065806415
-0.6024115799132457
1.5854593826104304
1.6627681476951457
0.9303848064917831
1.417963375763572
2.3107170851242094
1.141546131063004
-2.368904206899697
-1.2113711444374395
1.2511709195909357
-0.7597366183394967
-0.28609828701600454
0.44167134288760934
-0.06971531620573436
1.6608529821579403
-0.12008567888000736
-0.5679690261151125
0.374570053609823
0.1075683844852449
-0.8615676297729788
0.21146826050636386
-0.5283367849172724
-0.7272356821879219
0.11394584477293851
0.1955321254059864
0.1865709343034713
1.4164734885569568
-1.0241319008464214
0.8831408951932104
0.18686733881238807
-0.09636100116170185
2.152961982256787
0.14234420681295465
0.15497171561810022
-0.36020299923443294
-1.5068346521291487
-2.3912945476605123
-0.9413883864758447
0.9447775177775991
0.07846293168568984
0.16760669399710548
-1.601687047153731
-0.18402291621929068
0.24523328699147207
-1.1545297502597733
0.18216002213651059
-1.0817172507811177
-0.16861234177964948
0.5737331244478375
-0.5998340763541924
-0.3546475164532155
-0.2243669149850627
1.3921711097782514
-0.6596094539291024
-1.4790016876693097
1.2131165629153389
0.2548133245092728
1.4221260996717153
-1.7498649406310975
-1.9627281839517043
0.20866060273488807
-1.113828522075342
0.17291642760264264
2.057245276139951
0.6750989917851626
0.5712275314425036
0.02505508732245944
0.36962327596941713
1.1476429230846772
-0.7482090421185464
0.4546612502160616
0.2532484615256892
0.7178397550288212
0.7589889409750232
-0.43430108489446256
-1.7416974529299454
-0.1864619953787533
-0.2059463619955256
-0.43578540754574097
0.042978091373075636
-1.2970179354371942
0.34753768515913047
-0.9362609371807568
1.0302183067551771
-0.5136887248059849
-0.690710485203595
0.5125428899558052
1.040317644407028
0.3831071088045285
1.4102678084472402
-2.2338474884260395
-2.452665462121316
1.1332315657743548
-0.5838258580439145
-0.33621493857616913
0.37368068238246444
0.47370402732951267
1.2391564054737487
-1.7920394107354753
-0.17696726348904768
-0.7550256905820728
-0.08866662111964475
1.084485839285276
0.9981844815207603
-0.754808192026015
-0.43720611869285464
0.08167044030826363
-0.6258516752404064
1.491962321819696
-1.6110033780812147
0.48159596614360983
0.4593723483600232
1.2210217166307773
1.1406310586407629
1.1658431329681616
0.3885220381692941
-0.09065921827007394
0.7774971504863096
0.9521264091165094
-1.4337982321429714
2.0818752451220197
1.5403440730364746
-0.5416486746198944
0.1459377572634492
-1.6446879346074592
-0.3147856176512244
-2.336627715149212
1.4116813222655604
0.39571147477175955
1.1110957511307846
-2.243998222910016
-0.6301802275617548
0.5225502599845647
0.17270452634153902
-0.5389098395815056
-0.703139468818295
-0.7210753450632786
0.5448249929235203
0.3953929065368037
1.3810857645582855
-0.36772215127563684
0.0643818767760699
-0.4665641817384633
0.39358621162770885
-0.6960016924789424
0.0662543676174427
2.134557845942345
0.174514210614425
1.24296661660994
0.018065688437657854
-1.1185546278252438
-0.4560347519496839
-0.4137534563863178
1.152260125198697
-0.5191558150743377
1.7441273593915259
-0.5129596563259803
-0.2844123551975642
-0.5608241548971532
0.9145926341363116
-1.394973654721619
0.851916680218872
1.3165809886939002
-1.2402450119641433
-0.10481024246172924
-1.4197714714920038
-0.31524010699190613
0.89711527518875
0.5604311214417635
-0.8386475825896982
-0.4032652103210094
0.39320035044510165
0.21037638763007366
0.26146392462144846
-2.7114463708871126
1.8629748218575655
-0.5471777279829888
0.8697281515369397
-1.5310373860067432
-0.36387716082517096
1.9507883952745426
0.9718482256012243
0.2765729188001239
0.6981070654650778
-0.8816555319611916
-0.1996762460472987
-1.05813879947808
-0.5316357311375065
-1.188905031470472
1.625672840075895
0.22874794815616978
1.8556438647773286
-0.29804292050128356
0.5683410742462565
0.7420067876887627
0.33205276279292684
1.0452225126268935
-0.5962605069045324
-0.0077612824895547505
-0.3515234813091703
0.805170884324983
-2.3931667279286013
-0.08652609832655987
-0.6021387850815237
0.001861415071945138
-0.059145703844211625
-0.04625397132487094
1.772307074420306
0.6547173813410483
0.22325996203132242
0.6581060700087609
-0.8834801115249545
-1.9402762383642833
1.2561452096384715
-0.34348753115770053
-0.04478688209471703
-1.6003166935647666
2.1623440926653865
0.3999840198344994
0.6572916884711949
0.16160744817740932
1.2457657402612792
-0.8149124510332629
-1.037934691736091
0.8366014087686292
-1.1291096366278675
-0.06290471607079752
1.0596090660408872
-0.3231802781395439
-0.09095390522251975
-1.9244376604729654
-0.3938554774458409
0.9953532517975014
-0.017490832844219435
1.2703628485200258
-0.598123063613741
-1.9662478580569158
-0.4570931984852501
-1.6271208914272652
0.5808055668504333
-1.008530398184073
-0.5800560457831451
-0.35932642012182786
1.0781660216952704
-0.3041278333782824
0.9609984010494592
-0.7465122467149635
0.49516266047177043
0.6344992860761304
-0.4456109529428938
0.22255270648564096
-1.5283773017685396
2.096643718855459
1.6144278396069551
1.5499644708749993
0.2040748715498976
-0.3764916646830944
-0.6767174021423388
0.46709795518751585
-1.8295941308998978
1.2546132691010825
0.12189767114870896
0.3786669694611207
-0.6750178283097341
-0.36904083270149934
0.08096579671248565
-0.4144862354723927
0.19018371594748976
0.12557821653512816
-0.7042000153522076
0.9925274448783554
0.37957759026725996
0.2827986950366372
-1.6493755425546779
-0.8644594058743462
0.2091856482047314
0.721260139660516
0.4334013432206945
0.41041244437026364
0.35582199864930136
-2.444376460133759
1.2248017481986178
1.109354028969247
1.308334190115537
1.6922393009995225
1.221377078649432
0.6590760507161572
1.2540118962702522
0.8526579942318918
-0.04007820761975379
0.7388632805712535
-0.6780350391969476
1.3398310366939115
-0.01634535064733725
1.0886819713610154
1.1523590081412125
-1.0957640096393566
1.2408788772054145
0.08217032250369448
-0.15509643605668724
-0.2825049983264608
0.016120089334110105
-0.11129100938866697
0.6154546191017841
-0.27575003140374416
-1.0038481623577113
-0.5242872922161752
1.3355603276511037
0.6621795221620597
-0.0012781651412783763
-1.455321480586886
-1.7475780546494635
0.5047959904495245
0.175893421923577
0.3888047979947969
0.4966256497565199
-1.2563929079465275
-0.030705860432188946
-0.6942887929300446
0.12740308875977394
1.1308325190013067
-0.01976628675870244
0.22475822636124335
0.03510738776823292
1.2079328695864857
-1.535566324128134
0.30849164390497313
-1.1657753580220298
-1.8071259200108352
-1.6032201988112311
0.7194616825661426
-1.7683414076555466
-1.822243465934533
0.964252381145626
-1.1002624948554869
-0.9842711759098308
-0.45037604613791693
-0.8951748726406544
-0.15380957790439542
-0.3775577466473953
0.603553730660794
-0.12651329987306426
0.6399016137513841
1.5270119096223385
-1.6071024755896093
-0.18559278539011625
1.0377269506419506
-1.29859386481557
1.5586214755635643
0.26247339783180934
0.17794759120410536
-0.7421777621955388
-0.30092849495365404
1.1567561863999072
0.8115249486910339
1.6200656612257667
0.39011065237398834
0.5931619123889194
0.7275423309772467
2.1959692767773777
0.5117470824122893
-0.930907580029633
0.5137766664074934
-0.2881726626508097
-1.846491102053697
0.5136402679125374
0.260264436043933
1.3183108658348346
-0.5095361510453272
0.4814294367196353
-3.7740439693665224
0.42511394190727514
-0.39163579156850764
-1.3061966918648367
0.1671858661121368
0.3595245976077952
0.5345605937220238
-0.47597797454243246
0.2928600931345695
0.23094791592493638
0.8883966481514725
